dilation: 8.397435897435896
minf_size: 9
radius_range: [50.41346153846155, 72.87179487179492]
rank_size: 3
sigma: 0.08012820512820507
sobel: false
threshold: 0.08517035580385891
