beam_location: [880.28512396694236, 858.59090909090924]
minf_size: 3
radius_range: [446.92307692307759, 688.07692307692378]
rank_size: 8
sigma: 1.0
threshold: 0.09254354972049772
